# 3号舵轮步兵
infantry_3:
    Intrinsic:  [1675.042871,  0.000000000000,  623.481121,
                0.000000000000,1674.696037, 556.002821,
                0.000000000000,  0.000000000000,  1.000000000000]
    # Coeff: [-0.058880415613303524, 0.09971916846980647, 0, -0.002214233751008686, 0.0003401562523311091]
    Coeff: [-0.06719080320827164, 0.08771589756714641, 0.0,0.0009056377800116876, -0.004604447207374161] 
    #x,y,z坐标偏移量(相机至枪管),单位m
    xyz_offset: [0,0,0]
    #yaw,pitch角度偏移量,单位度 left- down-
    angle_offset: [-1.43,-0.65]
    #使用迭代法求解pitch补偿的最大迭代次数
    max_iter: 10
    #停止迭代的最小误差(单位m)
    stop_error: 0.001
    #龙格库塔法求解落点的迭代次数
    R_K_iter: 50
    #陀螺仪到相机的变换矩阵 R_c = T_ci * R_i
    T_ci:  [-0.00687597 , 0.9999657 ,  0.0046184  , 0.00935481,
            0.0005452  , 0.00462226, -0.99998917 , 0.00111573,
            -0.99997621 ,-0.00687337, -0.00057697 ,-0.00203505,
            0         , 0        ,  0         , 1.        ]
    #相机到陀螺仪的变换矩阵 R_i = T_ic * R_c
    T_ic: [-0.00687597,  0.0005452 , -0.99997621, -0.00197128,
            0.9999657 ,  0.00462226, -0.00687337, -0.00937364,
            0.0046184 , -0.99998917, -0.00057697,  0.00107134,
            0        ,  0          ,0          ,1.        ]
    #陀螺仪至云台转轴中心平移向量 R_g = R_i - T_iw
    T_iw: [-0.1, 0, -0.05]
   
   
# 4号麦轮步兵
infantry_4:
    #内参矩阵
    Intrinsic: [1673.424472385629,  0.000000000000,  637.8832545589809,
                    0.000000000000,  1675.7985620485485,  504.2286845853391,
                    0.000000000000,  0.000000000000,  1.000000000000]
    #畸变参数矩阵，k1,k2,k3,p1,p2。一定注意是k1,k2,k3,p1,p2!!!和ROS标出来的k1,k2,p1,p2,k3不同！！！
    Coeff: [-0.058880415613303524, 0.09971916846980647, 0, -0.002214233751008686, 0.0003401562523311091]
    #x,y,z坐标偏移量(相机至枪管),单位m
    xyz_offset: [0,0,0]
    #yaw,pitch角度偏移量,单位度
    angle_offset: [-1,2.5]
    #使用迭代法求解pitch补偿的最大迭代次数
    max_iter: 10
    #停止迭代的最小误差(单位m)
    stop_error: 0.001
    #龙格库塔法求解落点的迭代次数
    R_K_iter: 50
    #陀螺仪到相机的变换矩阵 R_c = T_ci * R_i
    T_ci: [ 0.00741479 ,0.99653649  ,-0.08282545 ,0.01111486,
           -0.04520383 ,-0.08240902 ,-0.99557288 ,0.00670747,
           -0.99895027 ,0.01112599  ,0.04443622  ,-0.077358,  
            0          ,0           ,0            ,1        ]
    #相机到陀螺仪的变换矩阵 R_i = T_ic * R_c
    T_ic: [ 0.00741479 ,-0.04520383 ,-0.99895027 ,-0.07705601,
            0.99653649 ,-0.08240902 , 0.01112599 ,-0.00966292,
           -0.08282545 ,-0.99557288 , 0.04443622 , 0.01103587,
            0          ,0           ,0           ,1        ]
    #陀螺仪至云台转轴中心平移向量 R_w = R_i - T_iw
    T_iw: [0, 0, -0.02]

# 5号麦轮步兵
infantry_5:
    #内参矩阵
    Intrinsic: [1797.2975789010106,  0.000000000000,  723.6001872526609,
                    0.000000000000, 1797.6519520606107, 538.6252723443785,
                    0.000000000000,  0.000000000000,  1.000000000000]
    #畸变参数矩阵，k1,k2,k3,p1,p2。一定注意是k1,k2,k3,p1,p2!!!和ROS标出来的k1,k2,p1,p2,k3不同！！！
    Coeff: [-0.2242896874114463, 0.20266017480965967, 0.0,-0.0006348790946737486, -0.001781986001710534]
    #x,y,z坐标偏移量(相机至枪管),单位m
    xyz_offset: [0,0,0]
    #yaw,pitch角度偏移量,单位度
    angle_offset: [-1,3.0]
    #使用迭代法求解pitch补偿的最大迭代次数
    max_iter: 10
    #停止迭代的最小误差(单位m)
    stop_error: 0.001
    #龙格库塔法求解落点的迭代次数
    R_K_iter: 50
    #陀螺仪到相机的变换矩阵 R_c = T_ci * R_i
    T_ci: [-0.9985929  , 0.05302462,  0.00078463, -0.02610757,
           -0.00180485 ,-0.0191954, -0.99981412,  0.07643799,
           -0.05299971 ,-0.9984087,  0.01926414, -0.11042897,
            0.         , 0.       ,  0.        ,  1.        ]
    #相机到陀螺仪的变换矩阵 R_i = T_ic * R_c
    T_ic: [-0.9985929  ,-0.00180485 ,-0.05299971 ,-0.03178557,
             0.05302462, -0.01919545, -0.9984087 , -0.10740164,
             0.00078463, -0.99981412,  0.01926414,  0.07857158,
             0.        ,  0.        ,  0.        ,  1.        ]
    #陀螺仪至云台转轴中心平移向量 R_w = R_i - T_iw
    T_iw: [0, 0, -0.02]